J =  0.029675
grad =

  8.3643e-004
  0.0000e+000
  0.0000e+000
  -2.3134e-009
  2.1405e-008
  2.3323e-008
  -1.4645e-007
  1.6268e-006
  4.0194e-007
  -9.5750e-008
  -9.4033e-008
  -1.8677e-008
  1.1489e-009
  1.2171e-009
  -2.0238e-008
  -1.2781e-007
  -1.6665e-007
  -1.3569e-008
  2.3940e-009
  -2.7506e-012
  0.0000e+000
  -5.1955e-013
  -1.0586e-009
  3.6341e-008
  -2.1377e-007
  -2.7026e-007
  -3.0433e-007
  2.2361e-006
  6.9392e-007
  1.9684e-007
  1.0855e-006
  1.9751e-007
  4.0366e-009
  -1.5162e-008
  5.4424e-008
  1.1558e-006
  1.4402e-006
  -2.9283e-007
  -4.6409e-007
  -4.6336e-008
  -1.8800e-008
  4.2104e-012
  1.2083e-008
  -6.6586e-008
  -7.1727e-007
  -1.1477e-006
  -2.3845e-006
  -4.8309e-006
  1.9284e-006
  5.7931e-006
  3.3817e-006
  3.1121e-006
  -2.7363e-007
  -2.9279e-007
  1.5484e-006
  8.5107e-006
  9.4609e-006
  4.1076e-006
  -1.8902e-006
  1.5887e-008
  6.4668e-008
  2.1067e-011
  5.9600e-009
  -5.7215e-007
  3.6368e-006
  1.5445e-005
  4.7547e-005
  6.4933e-005
  2.6131e-005
  2.9191e-005
  -7.3683e-006
  -2.5850e-005
  4.7324e-007
  7.0689e-007
  4.0137e-005
  2.9032e-005
  3.7804e-005
  4.2236e-005
  6.6298e-005
  4.2590e-006
  1.7995e-006
  4.6513e-011
  -1.1506e-007
  5.5477e-006
  -3.9193e-005
  -9.5200e-005
  1.1960e-004
  1.1755e-004
  -5.8910e-005
  -1.4409e-004
  -1.7747e-004
  -5.3475e-005
  3.7276e-006
  5.2104e-005
  1.4801e-004
  -7.0282e-007
  -3.3355e-004
  -2.0168e-004
  2.3759e-005
  2.5583e-005
  5.2901e-006
  -5.2686e-010
  1.8435e-006
  6.7173e-008
  -1.8759e-004
  -1.9386e-004
  -3.7576e-005
  3.6283e-005
  -7.7966e-005
  -3.0558e-004
  -2.2673e-004
  4.1382e-006
  1.9920e-005
  3.0964e-005
  1.5419e-004
  -5.3963e-005
  -5.2840e-004
  -2.0696e-004
  2.4638e-004
  8.2305e-005
  3.6967e-006
  2.0484e-009
  -8.3242e-008
  5.1313e-005
  -5.5437e-005
  -1.3031e-004
  -1.1177e-006
  -6.6352e-005
  -6.9230e-005
  -1.3875e-004
  -2.6583e-005
  2.3637e-005
  -6.9571e-007
  -5.4528e-005
  1.9441e-006
  5.3610e-005
  1.2525e-004
  2.3744e-004
  2.6312e-004
  1.1802e-004
  -4.3793e-007
  5.0077e-008
  -3.4686e-006
  1.2577e-004
  1.7431e-004
  6.2725e-006
  -1.1416e-004
  -3.4753e-004
  -2.5628e-004
  -2.6022e-004
  1.6486e-004
  9.0988e-005
  -1.3257e-004
  1.8846e-005
  -8.3298e-005
  -2.4917e-004
  9.1209e-005
  2.5412e-004
  1.3540e-004
  2.1897e-004
  7.0797e-006
  -7.9160e-007
  8.7683e-006
  3.7599e-005
  1.1760e-004
  2.4206e-004
  7.6003e-005
  -3.2516e-004
  -4.4649e-004
  -4.1275e-004
  -1.3998e-004
  -3.6833e-004
  -2.7829e-004
  2.5245e-004
  3.2126e-004
  -1.2209e-004
  -2.2180e-004
  -1.1838e-004
  1.2025e-004
  2.9346e-004
  5.3437e-005
  -1.4263e-006
  1.7661e-005
  -5.9629e-005
  2.1902e-005
  2.4806e-004
  2.3227e-004
  2.2799e-004
  6.3527e-005
  -2.0124e-004
  -3.1198e-004
  -1.3832e-004
  3.0967e-004
  5.0439e-004
  2.3715e-004
  -1.4620e-004
  -1.5677e-004
  -7.9930e-005
  1.6148e-004
  1.9010e-004
  1.0052e-005
  -4.7213e-007
  6.6517e-006
  -1.2985e-004
  -1.0742e-004
  6.9483e-005
  -4.1448e-005
  1.5144e-004
  2.6048e-004
  1.9885e-005
  2.1083e-005
  3.3896e-004
  3.7477e-004
  3.3322e-004
  3.1255e-006
  -8.4602e-005
  3.6528e-005
  2.9194e-004
  4.4062e-004
  1.4694e-004
  -4.4467e-006
  -3.4732e-007
  1.8562e-005
  -1.9236e-004
  -6.5519e-004
  -3.7306e-004
  -1.7934e-005
  1.2732e-004
  -7.9965e-005
  -7.6497e-005
  -1.9438e-004
  -3.6361e-004
  -3.9876e-004
  -6.0828e-005
  -6.9248e-005
  -2.1478e-004
  -6.7366e-005
  9.5105e-005
  3.4912e-004
  1.5432e-004
  1.4701e-005
  -2.1536e-006
  2.3959e-005
  9.3896e-005
  -5.6590e-005
  -2.2243e-006
  3.2990e-004
  6.4665e-005
  -1.8965e-004
  -4.1569e-004
  -6.3614e-004
  -8.1325e-004
  -6.9143e-004
  -4.0368e-004
  -4.6005e-004
  -5.0597e-004
  -3.4403e-004
  -4.1535e-004
  -9.5768e-005
  5.0110e-005
  9.3662e-006
  -1.8815e-006
  1.8866e-005
  1.2793e-004
  1.4372e-004
  7.6239e-005
  -1.4352e-004
  -5.1082e-005
  -9.2434e-005
  -3.0607e-004
  -1.8842e-005
  5.9090e-005
  4.3120e-005
  -1.9918e-004
  -5.3807e-004
  -5.9484e-004
  -2.2012e-004
  -2.6549e-004
  -1.5022e-004
  5.7904e-006
  -9.6174e-008
  -1.7358e-007
  -2.2506e-006
  7.1364e-005
  2.0215e-004
  6.8334e-005
  -1.0067e-004
  3.0228e-006
  1.8732e-005
  1.7775e-004
  2.0537e-004
  1.2623e-004
  1.1519e-004
  -3.1360e-005
  -4.0435e-004
  -1.5872e-004
  -4.4330e-005
  -2.0390e-004
  6.4893e-008
  4.8700e-006
  -2.1381e-008
  1.7301e-008
  -8.0251e-007
  6.2282e-006
  3.1637e-005
  -6.2133e-005
  -1.7215e-004
  3.4585e-005
  1.2840e-004
  1.3376e-004
  9.8671e-005
  9.4925e-005
  1.0919e-004
  6.7529e-005
  -3.8494e-005
  -6.0045e-005
  -1.1858e-004
  -7.0945e-005
  5.8358e-005
  8.9822e-010
  2.1761e-007
  4.5233e-010
  2.2332e-006
  -1.3558e-005
  -1.3435e-004
  -7.5454e-005
  3.6486e-005
  1.1903e-004
  1.0459e-004
  7.1515e-005
  5.3658e-005
  2.7969e-005
  4.0643e-005
  6.0500e-005
  -6.8677e-005
  -1.2544e-004
  -1.0949e-004
  -1.2916e-005
  6.0330e-006
  5.7134e-006
  -2.6943e-007
  2.0127e-010
  1.0392e-006
  -7.0107e-006
  -5.8249e-005
  4.1561e-005
  1.0408e-004
  8.2757e-005
  2.9972e-005
  2.7940e-005
  4.3186e-005
  8.2889e-006
  1.8707e-005
  4.4532e-005
  -5.1483e-005
  -2.1688e-004
  -1.9069e-004
  -3.7856e-005
  6.5454e-006
  3.2677e-006
  -2.5888e-007
  -6.0919e-012
  -1.3254e-007
  -3.2594e-008
  1.4492e-005
  2.8961e-005
  1.4115e-005
  2.0473e-005
  -3.5018e-005
  -1.5075e-005
  1.6928e-005
  -2.1481e-005
  1.0970e-006
  1.8888e-005
  2.2057e-006
  -3.9755e-005
  -9.7301e-005
  -2.2963e-005
  2.7653e-006
  -2.0338e-007
  1.3487e-008
  0.0000e+000
  7.6432e-009
  -2.0900e-007
  1.1044e-006
  5.2687e-007
  9.1570e-007
  -3.8596e-007
  3.7862e-006
  3.0109e-006
  -2.6687e-007
  -3.5912e-006
  -6.7030e-007
  9.6512e-007
  -2.1140e-005
  9.1214e-007
  8.7589e-006
  2.0816e-006
  -2.6006e-007
  4.6805e-012
  0.0000e+000

J =  0.029160
